version https://git-lfs.github.com/spec/v1
oid sha256:ac0a654cb2423f1f207bd72b9e92a466f2bd434bde719ce114d81fd195d7b911
size 26663
